.Random.seed <-
c(403L, 10L, -1409278251L, -271634708L, 1252302914L, -1876179043L, 
-1023486441L, 1863805822L, 1538746680L, 1098352155L, -268908679L, 
-885702200L, -1446568458L, -169459663L, -1713247645L, 420984370L, 
37028740L, -1281383993L, 2035009693L, -557203436L, 2109494970L, 
-1977563387L, -569465633L, -811694746L, -1043648272L, -420432877L, 
-1267746383L, 1663456352L, -905682434L, 811263369L, 1311285947L, 
344116874L, -337630868L, -1334980881L, -355591899L, 326932444L, 
357184946L, -825383763L, 121914471L, 2120760206L, -240444312L, 
-690382741L, 2050327049L, -1822667624L, -1114914874L, 1559728929L, 
352239539L, 306665250L, -1629296364L, -1529730665L, 923662733L, 
1126588580L, -572646774L, 468046069L, 179304271L, 353464406L, 
1118411520L, 1467838019L, 1107924449L, 1747206480L, 466753454L, 
-1746211495L, -1705067669L, 317668058L, 1718164380L, 1177569183L, 
778096117L, 667230348L, -1481989790L, -1041834691L, 1190849975L, 
-1645569442L, 1531259800L, -1042038021L, 534088345L, 1068356392L, 
-1319968298L, 1598606929L, 189590787L, 966688914L, -280537564L, 
-965891865L, -30237379L, -686917196L, 1799218714L, -697121435L, 
-947655681L, -1672803706L, -1557104112L, 1640308915L, 523058001L, 
1988531968L, 1933129182L, 1479540265L, -406686245L, -1894614294L, 
-1489766260L, 1972135887L, -1019199611L, 1184369724L, 129375506L, 
350198285L, -737038009L, 1966142254L, 656797320L, 382535563L, 
-703518871L, -848520904L, 1360192486L, -1057705087L, -814028013L, 
902894786L, -115429516L, -486132873L, -1973140371L, 366279428L, 
-1551367638L, -11522155L, -446696401L, -461812426L, -2133224096L, 
-1964256349L, -1897548607L, 748139696L, -919514162L, 1691203385L, 
-465123509L, 1453896954L, 182136316L, -739475905L, -45513963L, 
-512098260L, -1018937086L, -393319971L, 111229143L, 580191166L, 
400377336L, 603759067L, -539496391L, -1499723384L, 1782555958L, 
1850351473L, -583332445L, 745804018L, 1440910404L, -433522937L, 
1623463645L, 1249302484L, 1348429562L, 2047810117L, -125724001L, 
1120024614L, 1448258736L, 947633491L, 21227633L, -474909280L, 
847571262L, 775272521L, -1962193669L, 2048124106L, -1836885460L, 
2121260591L, -1660952859L, -1999711332L, 2004825586L, -884133779L, 
1508563367L, -1581265970L, -836538072L, -372608213L, -731131575L, 
1946527320L, -227920122L, -1623706911L, 2112231027L, -1171226910L, 
-496762284L, -736138409L, -1688039603L, -376425756L, 1877285578L, 
1813451573L, -382346865L, -271921514L, -964956608L, 1972549379L, 
751922977L, 162306064L, -683737106L, 1686011801L, 367388715L, 
-1190736614L, -1664671780L, 704070111L, -270793291L, -761101492L, 
-1929731678L, 242520317L, 325918199L, 1056058142L, -1082198568L, 
-795447493L, 454125785L, -1278253976L, -1855932010L, 1174063377L, 
145148611L, 599507666L, 220595044L, 1546036903L, 1968746493L, 
-1547916812L, -1081362726L, 752724005L, 1725605183L, -1035851066L, 
-158578864L, 758871923L, 574273937L, -1563046976L, -1136427618L, 
70676329L, -1918112869L, -1124879702L, -1932288820L, 2101495183L, 
-722673211L, -934214276L, 2008681938L, -712759494L, 151329104L, 
2108512364L, 1172792724L, -2110739374L, -305286688L, 2056421580L, 
-1169257824L, -885935742L, 1969747176L, -1297917204L, 1659744572L, 
-47969166L, -450486672L, 262354468L, 1563754552L, 562894106L, 
1237790928L, 836922684L, 1059655572L, -1768327294L, 2084229056L, 
-1367536068L, 1259643280L, -1087560670L, -104513272L, -892214132L, 
-513346788L, 718131346L, -1455750784L, -828990444L, 1440421672L, 
-1842938310L, -953646640L, 456647020L, 1152757684L, 1104262674L, 
-1296526368L, -27961908L, 1305699552L, 2084464674L, 382553896L, 
-718576116L, -933721284L, 258489330L, -1949314320L, -1064615356L, 
1585161816L, 7221050L, -1715475472L, -352297284L, -12305132L, 
490053826L, -661748640L, 841093500L, -835194928L, 1086802210L, 
-1397530968L, 1480184716L, 1845597372L, -1434179790L, -1631636928L, 
935693492L, -583867320L, 376562106L, -1887244784L, -469784340L, 
197964116L, 1915514642L, 1945097632L, 269396684L, 2058397280L, 
1581350850L, -323192024L, -2073483860L, -1475282628L, 1046468466L, 
-1806124752L, -526667996L, 989691192L, -1021773094L, 1143220112L, 
2016035580L, 760139668L, -1940383678L, 461143296L, -1631857604L, 
-166517424L, 871008418L, -1685104824L, 458190604L, -2062406948L, 
-557601966L, 1263526528L, -540301228L, -414227480L, -66504966L, 
-1276661424L, 856525612L, -1698603148L, -2104648814L, -1742184864L, 
2027716492L, -671095968L, -417218590L, 1615863720L, 1005839564L, 
323345916L, -357375054L, -560352784L, -314396220L, 1611465048L, 
-1895639686L, -1790242384L, -1413587012L, 1434914900L, -701017150L, 
506690592L, -562348868L, 1734169168L, -1692624926L, -1745621400L, 
-1978656180L, -2044694276L, -257818638L, -60631808L, 572444532L, 
1604026376L, -1047134790L, 366863824L, -761709588L, 956391316L, 
2052314066L, -186136736L, 1193885004L, -865215200L, -880991358L, 
1926476520L, 587400428L, -321060292L, -176430222L, -1014203792L, 
1102155812L, 1686036280L, 1906328730L, -2068571440L, 1127811260L, 
-1981647212L, -1697780094L, -688784192L, 133091644L, -491804528L, 
812433954L, 143121928L, 203192588L, -661845348L, -1457658350L, 
-22616704L, -1241377260L, -3699160L, -1712827078L, 1074935760L, 
1419346540L, 1022857012L, 655104658L, 559839584L, -1727313588L, 
1052049376L, -979077214L, -1734307928L, -678386804L, 1905096380L, 
15727474L, 1841567984L, -867569596L, 1328708952L, -754113478L, 
1744886640L, 1748421692L, -1466170604L, -609844798L, 621076704L, 
-859912324L, -525592880L, 2078582434L, -898290648L, -1934175988L, 
-1742222404L, 1375329586L, 1315944384L, -1185836492L, -61629496L, 
-40225606L, 677920656L, -2047218196L, -1179766700L, 720285330L, 
-1777511648L, -553769524L, 1733655520L, 796555970L, 1359219240L, 
-1113168212L, -819803460L, 1644808690L, -298616528L, 2071895204L, 
-503661896L, 1116484442L, 1734931856L, -249486980L, -903756524L, 
1653862722L, 1741331200L, -2061177924L, -1342852272L, 618903842L, 
2052906312L, -857778164L, -1648713636L, -1456980782L, 590354432L, 
-677233836L, -1017701912L, -1873244166L, 1292750544L, 48575788L, 
1085218435L, 1188078277L, -1595461662L, 1359829584L, 1068375929L, 
-2088459093L, -125834212L, -452785334L, 1353378623L, 1222362505L, 
1144888734L, 366122060L, 868947485L, -1208403033L, -1042301232L, 
975417454L, -1661978853L, 1958566013L, -1276557718L, 1400506120L, 
823662513L, 1490944035L, 1323188516L, 1637144018L, 1696851495L, 
-1961045903L, 97318582L, -904369580L, -390854939L, -1953152273L, 
1979289128L, 654142086L, 751580339L, -1379902955L, -1990546318L, 
1222977728L, -1576510167L, -1517476965L, 1731359852L, 1491671162L, 
-772456017L, 1584412857L, 1518324430L, -116062180L, -1145427059L, 
-116091401L, 2058995968L, 2017429342L, -500752341L, -745701587L, 
585466778L, -168558248L, -1170131775L, -458509453L, -276385644L, 
-975768286L, -715316169L, -2011546367L, -1737752570L, 1596520004L, 
1756254069L, -2034203937L, -468009416L, -4719082L, -1909214685L, 
-1236533787L, 1963619330L, 324212336L, -782404583L, 521352715L, 
-927275780L, 1183410474L, -1101918369L, -930959639L, 1368223230L, 
-218152468L, -1870730947L, -1018316537L, 1956243696L, 228824206L, 
142945979L, 408551069L, -319059382L, 937592936L, 919197777L, 
1712999235L, 1450098244L, -1686553358L, -1341654841L, -286254447L, 
-1711700970L, -1194578316L, 1382373637L, 859526991L, 1581449544L, 
-1628934938L, 278479379L, -1033513611L, -2103432878L, -1711095392L, 
823122057L, -1958547269L, -939594996L, -1073177958L, 40980495L, 
245126233L, -945923858L, 1943280508L, 837429229L, -96345961L, 
982018912L, 2073955134L, 10937355L, -1188879219L, 2111133114L, 
196361208L, 1021466529L, 557887827L, 971952244L, 1520050690L, 
1269775511L, -250298783L, 625747622L, -1624764764L, 287763285L, 
-960788481L, -2027219304L, 455334838L, 1486180419L, 419244421L, 
1919515170L, 2024354064L, -1285926727L, -525544085L, -63796132L, 
-831348342L, 457237887L, 2116184265L, -2048135842L, -2008895988L, 
2008547805L, -453164825L, -2004503280L, 242375726L, -1184111909L, 
